Tensor "transform_net1/Reshape_1:0:DebugIdentity":
  dtype: float32
  shape: (4, 3, 3)

array([[[ 3.7790825 , -0.8754793 ,  3.5367627 ],
        [ 1.0317807 ,  5.8701773 ,  0.5916513 ],
        [-2.9648685 ,  0.51281464,  3.7208917 ]],

       [[ 4.0151706 , -0.9731582 ,  2.5860522 ],
        [ 1.5852349 ,  8.257357  ,  0.8973208 ],
        [-2.055812  ,  0.38598263,  4.2559805 ]],

       [[ 3.2840972 , -0.85715735,  3.3408499 ],
        [ 1.4771018 ,  8.012902  ,  0.551012  ],
        [-3.155169  ,  0.5565074 ,  1.9449525 ]],

       [[ 3.3053713 , -0.70137423,  3.3289566 ],
        [ 1.0924442 ,  6.0233507 ,  0.6465598 ],
        [-2.810011  ,  0.6134525 ,  3.4110253 ]]], dtype=float32)
